$GNGGA,075040.000,1304.66304,N,07735.46715,E,1,17,0.79,929.7,M,-85.1,M,,*5E
$GNGLL,1304.66304,N,07735.46715,E,075040.000,A,A*47
$GPGSA,A,3,28,32,10,23,21,08,,,,,,,1.66,0.79,1.46,1*13
$GAGSA,A,3,305,315,,,,,,,,,,,1.66,0.79,1.46,3*01
$GIGSA,A,3,,,,,,,,,,,,,1.66,0.79,1.46,6*0D
$BDGSA,A,3,206,213,208,239,246,236,219,235,220,,,,1.66,0.79,1.46,4*38
$GPGSV,4,1,15,28,70,178,15,195,50,171,,32,46,345,29,10,43,31,39*74
$GPGSV,4,2,15,31,39,200,,23,30,78,31,18,28,148,20,27,23,242,*42
$GPGSV,4,3,15,194,19,98,,21,17,321,35,25,14,101,18,8,11,278,26*46
$GPGSV,4,4,15,26,10,189,15,2,9,323,21,193,,,*4D
$GAGSV,1,1,04,305,35,17,39,303,29,270,,315,26,324,35,309,21,33,*67
$GIGSV,1,1,00*60
$BDGSV,6,1,21,209,75,29,19,202,74,150,,205,64,241,,206,61,30,23*62
$BDGSV,6,2,21,213,56,72,23,216,53,30,23,203,49,107,,208,47,88,27*5F
$BDGSV,6,3,21,239,44,29,32,246,42,89,30,236,42,161,18,229,42,203,16*6F
$BDGSV,6,4,21,238,39,104,,219,36,356,36,235,36,283,21,220,22,50,34*5C
$BDGSV,6,5,21,222,16,301,26,210,16,161,,201,14,95,,230,6,159,*69
$BDGSV,6,6,21,237,5,46,25*6D
$GNRMC,075040.000,A,1304.66304,N,07735.46715,E,0.000,195.93,120923,,,A*4C
$GNVTG,195.93,T,,M,0.000,N,0.001,K,A*25











